CCC;000001;       ;31/05/2021;2047  ;      ;003263050;0401;0000000;
CCC;000001;       ;31/05/2021;      ;317   ;003263050;0401;0000000;
CCC;000001;       ;31/05/2021;2047  ;      ;001040660;0401;0000000;
CCC;000001;       ;31/05/2021;      ;317   ;001040660;0401;0000000;
CCC;000001;       ;31/05/2021;2047  ;      ;000111374;0401;0000000;
CCC;000001;       ;31/05/2021;      ;317   ;000111374;0401;0000000;
CCC;000001;       ;31/05/2021;2057  ;      ;000163992;0401;0000000;
CCC;000001;       ;31/05/2021;      ;317   ;000163992;0401;0000000;
CCC;000001;       ;31/05/2021;2057  ;      ;000004111;0401;0000000;
CCC;000001;       ;31/05/2021;      ;317   ;000004111;0401;0000000;
CCC;000001;       ;31/05/2021;2057  ;      ;000012332;0401;0000000;
CCC;000001;       ;31/05/2021;      ;317   ;000012332;0401;0000000;
CCC;000001;       ;31/05/2021;2057  ;      ;000491976;0401;0000000;
CCC;000001;       ;31/05/2021;      ;317   ;000491976;0401;0000000;
CCC;000001;       ;31/05/2021;317   ;      ;000946607;0401;0000000;
CCC;000001;       ;31/05/2021;      ;46    ;000946607;0401;0000000;
CCC;000001;       ;31/05/2021;317   ;      ;000088184;0401;0000000;
CCC;000001;       ;31/05/2021;      ;2053  ;000088184;0401;0000000;
CCC;000001;       ;31/05/2021;317   ;      ;000105616;0401;0000000;
CCC;000001;       ;31/05/2021;      ;2053  ;000105616;0401;0000000;
CCC;000001;       ;31/05/2021;317   ;      ;000004554;0401;0000000;
CCC;000001;       ;31/05/2021;      ;2053  ;000004554;0401;0000000;
CCC;000001;       ;31/05/2021;317   ;      ;000000385;0401;0000000;
CCC;000001;       ;31/05/2021;      ;2062  ;000000385;0401;0000000;
CCC;000001;       ;31/05/2021;317   ;      ;000529388;0401;0000000;
CCC;000001;       ;31/05/2021;      ;336   ;000529388;0401;0000000;
CCC;000001;       ;31/05/2021;317   ;      ;000222327;0401;0000000;
CCC;000001;       ;31/05/2021;      ;348   ;000222327;0401;0000000;
CCC;000001;       ;31/05/2021;317   ;      ;000075197;0401;0000000;
CCC;000001;       ;31/05/2021;      ;348   ;000075197;0401;0000000;
CCC;000001;       ;31/05/2021;317   ;      ;000014250;0401;0000000;
CCC;000001;       ;31/05/2021;      ;2052  ;000014250;0401;0000000;
CCC;000001;       ;31/05/2021;317   ;      ;000004500;0401;0000000;
CCC;000001;       ;31/05/2021;      ;346   ;000004500;0401;0000000;
CCC;000001;       ;31/05/2021;317   ;      ;000072776;0401;0000000;
CCC;000001;       ;31/05/2021;      ;336   ;000072776;0401;0000000;
CCC;000001;       ;31/05/2021;317   ;      ;000507995;0401;0000000;
CCC;000001;       ;31/05/2021;      ;50    ;000507995;0401;0000000;
CCC;000001;       ;31/05/2021;2051  ;      ;001017498;0401;0000000;
CCC;000001;       ;31/05/2021;      ;348   ;001017498;0401;0000000;
CCC;000001;       ;31/05/2021;2051  ;      ;000076313;0401;0000000;
CCC;000001;       ;31/05/2021;      ;348   ;000076313;0401;0000000;
CCC;000001;       ;31/05/2021;2051  ;      ;000127188;0401;0000000;
CCC;000001;       ;31/05/2021;      ;348   ;000127188;0401;0000000;
CCC;000001;       ;31/05/2021;2051  ;      ;000010176;0401;0000000;
CCC;000001;       ;31/05/2021;      ;348   ;000010176;0401;0000000;
CCC;000001;       ;31/05/2021;2051  ;      ;000050875;0401;0000000;
CCC;000001;       ;31/05/2021;      ;348   ;000050875;0401;0000000;
CCC;000001;       ;31/05/2021;2051  ;      ;000076313;0401;0000000;
CCC;000001;       ;31/05/2021;      ;348   ;000076313;0401;0000000;
CCC;000001;       ;31/05/2021;2051  ;      ;000030525;0401;0000000;
CCC;000001;       ;31/05/2021;      ;348   ;000030525;0401;0000000;
CCC;000001;       ;31/05/2021;2050  ;      ;000353206;0401;0000000;
CCC;000001;       ;31/05/2021;      ;347   ;000353206;0401;0000000;
CCC;000001;       ;31/05/2021;2050  ;      ;000053793;0401;0000000;
CCC;000001;       ;31/05/2021;      ;347   ;000053793;0401;0000000;
CCC;000001;       ;31/05/2021;2057  ;      ;000558290;0401;0000000;
CCC;000001;       ;31/05/2021;      ;353   ;000558290;0401;0000000;
CCC;000001;       ;31/05/2021;2060  ;      ;000152413;0401;0000000;
CCC;000001;       ;31/05/2021;      ;355   ;000152413;0401;0000000;
CCC;000001;       ;31/05/2021;2059  ;      ;000044663;0401;0000000;
CCC;000001;       ;31/05/2021;      ;354   ;000044663;0401;0000000;
CCC;000001;       ;31/05/2021;2057  ;      ;000186936;0401;0000000;
CCC;000001;       ;31/05/2021;      ;353   ;000186936;0401;0000000;
CCC;000001;       ;31/05/2021;2060  ;      ;000051034;0401;0000000;
CCC;000001;       ;31/05/2021;      ;355   ;000051034;0401;0000000;
CCC;000001;       ;31/05/2021;2059  ;      ;000014954;0401;0000000;
CCC;000001;       ;31/05/2021;      ;354   ;000014954;0401;0000000;
CCC;000001;       ;31/05/2021;2058  ;      ;000418559;0401;0000000;
CCC;000001;       ;31/05/2021;      ;357   ;000418559;0401;0000000;
CCC;000001;       ;31/05/2021;2060  ;      ;000114268;0401;0000000;
CCC;000001;       ;31/05/2021;      ;359   ;000114268;0401;0000000;
CCC;000001;       ;31/05/2021;2059  ;      ;000033485;0401;0000000;
CCC;000001;       ;31/05/2021;      ;358   ;000033485;0401;0000000;
CCC;000001;       ;31/05/2021;2058  ;      ;000028913;0401;0000000;
CCC;000001;       ;31/05/2021;      ;357   ;000028913;0401;0000000;
CCC;000001;       ;31/05/2021;2060  ;      ;000007892;0401;0000000;
CCC;000001;       ;31/05/2021;      ;359   ;000007892;0401;0000000;
CCC;000001;       ;31/05/2021;2059  ;      ;000002312;0401;0000000;
CCC;000001;       ;31/05/2021;      ;358   ;000002312;0401;0000000;
CCC;000001;       ;31/05/2021;353   ;      ;000672411;0401;0000000;
CCC;000001;       ;31/05/2021;      ;2057  ;000672411;0401;0000000;
CCC;000001;       ;31/05/2021;355   ;      ;000183568;0401;0000000;
CCC;000001;       ;31/05/2021;      ;2060  ;000183568;0401;0000000;
CCC;000001;       ;31/05/2021;354   ;      ;000053793;0401;0000000;
CCC;000001;       ;31/05/2021;      ;2059  ;000053793;0401;0000000;
CCC;000001;       ;31/05/2021;353   ;      ;000000254;0401;0000000;
CCC;000001;       ;31/05/2021;      ;2057  ;000000254;0401;0000000;
CCC;000001;       ;31/05/2021;355   ;      ;000000070;0401;0000000;
CCC;000001;       ;31/05/2021;      ;2060  ;000000070;0401;0000000;
CCC;000001;       ;31/05/2021;354   ;      ;000000020;0401;0000000;
CCC;000001;       ;31/05/2021;      ;2059  ;000000020;0401;0000000;
CCC;000001;       ;31/05/2021;358   ;      ;000000001;0401;0000000;
CCC;000001;       ;31/05/2021;      ;2059  ;000000001;0401;0000000;
CCC;000001;       ;31/05/2021;544   ;      ;000720300;0401;0000000;
CCC;000001;       ;31/05/2021;      ;317   ;000720300;0401;0000000;
CCC;000001;       ;31/05/2021;544   ;      ;000221880;0401;0000000;
CCC;000001;       ;31/05/2021;      ;317   ;000221880;0401;0000000;
CCC;000001;       ;31/05/2021;544   ;      ;000027735;0401;0000000;
CCC;000001;       ;31/05/2021;      ;317   ;000027735;0401;0000000;
CCC;000001;       ;31/05/2021;317   ;      ;000290360;0401;0000000;
CCC;000001;       ;31/05/2021;      ;46    ;000290360;0401;0000000;
CCC;000001;       ;31/05/2021;317   ;      ;000026319;0401;0000000;
CCC;000001;       ;31/05/2021;      ;560   ;000026319;0401;0000000;
CCC;000001;       ;31/05/2021;317   ;      ;000022964;0401;0000000;
CCC;000001;       ;31/05/2021;      ;560   ;000022964;0401;0000000;
CCC;000001;       ;31/05/2021;317   ;      ;000012415;0401;0000000;
CCC;000001;       ;31/05/2021;      ;560   ;000012415;0401;0000000;
CCC;000001;       ;31/05/2021;317   ;      ;000000154;0401;0000000;
CCC;000001;       ;31/05/2021;      ;1036  ;000000154;0401;0000000;
CCC;000001;       ;31/05/2021;317   ;      ;000044448;0401;0000000;
CCC;000001;       ;31/05/2021;      ;336   ;000044448;0401;0000000;
CCC;000001;       ;31/05/2021;317   ;      ;000088451;0401;0000000;
CCC;000001;       ;31/05/2021;      ;348   ;000088451;0401;0000000;
CCC;000001;       ;31/05/2021;317   ;      ;000006500;0401;0000000;
CCC;000001;       ;31/05/2021;      ;556   ;000006500;0401;0000000;
CCC;000001;       ;31/05/2021;317   ;      ;000001800;0401;0000000;
CCC;000001;       ;31/05/2021;      ;346   ;000001800;0401;0000000;
CCC;000001;       ;31/05/2021;553   ;      ;000193983;0401;0000000;
CCC;000001;       ;31/05/2021;      ;348   ;000193983;0401;0000000;
CCC;000001;       ;31/05/2021;553   ;      ;000014549;0401;0000000;
CCC;000001;       ;31/05/2021;      ;348   ;000014549;0401;0000000;
CCC;000001;       ;31/05/2021;553   ;      ;000024248;0401;0000000;
CCC;000001;       ;31/05/2021;      ;348   ;000024248;0401;0000000;
CCC;000001;       ;31/05/2021;553   ;      ;000001940;0401;0000000;
CCC;000001;       ;31/05/2021;      ;348   ;000001940;0401;0000000;
CCC;000001;       ;31/05/2021;553   ;      ;000009699;0401;0000000;
CCC;000001;       ;31/05/2021;      ;348   ;000009699;0401;0000000;
CCC;000001;       ;31/05/2021;553   ;      ;000014549;0401;0000000;
CCC;000001;       ;31/05/2021;      ;348   ;000014549;0401;0000000;
CCC;000001;       ;31/05/2021;553   ;      ;000005820;0401;0000000;
CCC;000001;       ;31/05/2021;      ;348   ;000005820;0401;0000000;
CCC;000001;       ;31/05/2021;552   ;      ;000077593;0401;0000000;
CCC;000001;       ;31/05/2021;      ;347   ;000077593;0401;0000000;
CCC;000001;       ;31/05/2021;566   ;      ;000109996;0401;0000000;
CCC;000001;       ;31/05/2021;      ;353   ;000109996;0401;0000000;
CCC;000001;       ;31/05/2021;569   ;      ;000030029;0401;0000000;
CCC;000001;       ;31/05/2021;      ;355   ;000030029;0401;0000000;
CCC;000001;       ;31/05/2021;568   ;      ;000008800;0401;0000000;
CCC;000001;       ;31/05/2021;      ;354   ;000008800;0401;0000000;
CCC;000001;       ;31/05/2021;566   ;      ;000031287;0401;0000000;
CCC;000001;       ;31/05/2021;      ;353   ;000031287;0401;0000000;
CCC;000001;       ;31/05/2021;569   ;      ;000008542;0401;0000000;
CCC;000001;       ;31/05/2021;      ;355   ;000008542;0401;0000000;
CCC;000001;       ;31/05/2021;568   ;      ;000002502;0401;0000000;
CCC;000001;       ;31/05/2021;      ;354   ;000002502;0401;0000000;
CCC;000001;       ;31/05/2021;567   ;      ;000082675;0401;0000000;
CCC;000001;       ;31/05/2021;      ;357   ;000082675;0401;0000000;
CCC;000001;       ;31/05/2021;569   ;      ;000022570;0401;0000000;
CCC;000001;       ;31/05/2021;      ;359   ;000022570;0401;0000000;
CCC;000001;       ;31/05/2021;568   ;      ;000006614;0401;0000000;
CCC;000001;       ;31/05/2021;      ;358   ;000006614;0401;0000000;
CCC;000001;       ;31/05/2021;567   ;      ;000006934;0401;0000000;
CCC;000001;       ;31/05/2021;      ;357   ;000006934;0401;0000000;
CCC;000001;       ;31/05/2021;569   ;      ;000001894;0401;0000000;
CCC;000001;       ;31/05/2021;      ;359   ;000001894;0401;0000000;
CCC;000001;       ;31/05/2021;568   ;      ;000000555;0401;0000000;
CCC;000001;       ;31/05/2021;      ;358   ;000000555;0401;0000000;
CCC;000001;       ;31/05/2021;544   ;      ;002214677;0401;0000000;
CCC;000001;       ;31/05/2021;      ;317   ;002214677;0401;0000000;
CCC;000001;       ;31/05/2021;544   ;      ;000356000;0401;0000000;
CCC;000001;       ;31/05/2021;      ;317   ;000356000;0401;0000000;
CCC;000001;       ;31/05/2021;544   ;      ;000133500;0401;0000000;
CCC;000001;       ;31/05/2021;      ;317   ;000133500;0401;0000000;
CCC;000001;       ;31/05/2021;566   ;      ;000085067;0401;0000000;
CCC;000001;       ;31/05/2021;      ;317   ;000085067;0401;0000000;
CCC;000001;       ;31/05/2021;566   ;      ;000255200;0401;0000000;
CCC;000001;       ;31/05/2021;      ;317   ;000255200;0401;0000000;
CCC;000001;       ;31/05/2021;567   ;      ;000085067;0401;0000000;
CCC;000001;       ;31/05/2021;      ;317   ;000085067;0401;0000000;
CCC;000001;       ;31/05/2021;317   ;      ;000012062;0401;0000000;
CCC;000001;       ;31/05/2021;      ;22    ;000012062;0401;0000000;
CCC;000001;       ;31/05/2021;317   ;      ;000707945;0401;0000000;
CCC;000001;       ;31/05/2021;      ;46    ;000707945;0401;0000000;
CCC;000001;       ;31/05/2021;317   ;      ;000072597;0401;0000000;
CCC;000001;       ;31/05/2021;      ;560   ;000072597;0401;0000000;
CCC;000001;       ;31/05/2021;317   ;      ;000028698;0401;0000000;
CCC;000001;       ;31/05/2021;      ;560   ;000028698;0401;0000000;
CCC;000001;       ;31/05/2021;317   ;      ;000003630;0401;0000000;
CCC;000001;       ;31/05/2021;      ;560   ;000003630;0401;0000000;
CCC;000001;       ;31/05/2021;317   ;      ;000000385;0401;0000000;
CCC;000001;       ;31/05/2021;      ;1036  ;000000385;0401;0000000;
CCC;000001;       ;31/05/2021;317   ;      ;000210726;0401;0000000;
CCC;000001;       ;31/05/2021;      ;336   ;000210726;0401;0000000;
CCC;000001;       ;31/05/2021;317   ;      ;000196529;0401;0000000;
CCC;000001;       ;31/05/2021;      ;348   ;000196529;0401;0000000;
CCC;000001;       ;31/05/2021;317   ;      ;000024000;0401;0000000;
CCC;000001;       ;31/05/2021;      ;556   ;000024000;0401;0000000;
CCC;000001;       ;31/05/2021;317   ;      ;000005400;0401;0000000;
CCC;000001;       ;31/05/2021;      ;346   ;000005400;0401;0000000;
CCC;000001;       ;31/05/2021;317   ;      ;000004846;0401;0000000;
CCC;000001;       ;31/05/2021;      ;49    ;000004846;0401;0000000;
CCC;000001;       ;31/05/2021;317   ;      ;000006380;0401;0000000;
CCC;000001;       ;31/05/2021;      ;348   ;000006380;0401;0000000;
CCC;000001;       ;31/05/2021;553   ;      ;000557849;0401;0000000;
CCC;000001;       ;31/05/2021;      ;348   ;000557849;0401;0000000;
CCC;000001;       ;31/05/2021;553   ;      ;000041841;0401;0000000;
CCC;000001;       ;31/05/2021;      ;348   ;000041841;0401;0000000;
CCC;000001;       ;31/05/2021;553   ;      ;000069733;0401;0000000;
CCC;000001;       ;31/05/2021;      ;348   ;000069733;0401;0000000;
CCC;000001;       ;31/05/2021;553   ;      ;000005577;0401;0000000;
CCC;000001;       ;31/05/2021;      ;348   ;000005577;0401;0000000;
CCC;000001;       ;31/05/2021;553   ;      ;000027892;0401;0000000;
CCC;000001;       ;31/05/2021;      ;348   ;000027892;0401;0000000;
CCC;000001;       ;31/05/2021;553   ;      ;000041841;0401;0000000;
CCC;000001;       ;31/05/2021;      ;348   ;000041841;0401;0000000;
CCC;000001;       ;31/05/2021;553   ;      ;000016735;0401;0000000;
CCC;000001;       ;31/05/2021;      ;348   ;000016735;0401;0000000;
CCC;000001;       ;31/05/2021;552   ;      ;000216334;0401;0000000;
CCC;000001;       ;31/05/2021;      ;347   ;000216334;0401;0000000;
CCC;000001;       ;31/05/2021;552   ;      ;000006805;0401;0000000;
CCC;000001;       ;31/05/2021;      ;347   ;000006805;0401;0000000;
CCC;000001;       ;31/05/2021;566   ;      ;000316111;0401;0000000;
CCC;000001;       ;31/05/2021;      ;353   ;000316111;0401;0000000;
CCC;000001;       ;31/05/2021;569   ;      ;000086298;0401;0000000;
CCC;000001;       ;31/05/2021;      ;355   ;000086298;0401;0000000;
CCC;000001;       ;31/05/2021;568   ;      ;000025289;0401;0000000;
CCC;000001;       ;31/05/2021;      ;354   ;000025289;0401;0000000;
CCC;000001;       ;31/05/2021;566   ;      ;000187391;0401;0000000;
CCC;000001;       ;31/05/2021;      ;353   ;000187391;0401;0000000;
CCC;000001;       ;31/05/2021;569   ;      ;000051159;0401;0000000;
CCC;000001;       ;31/05/2021;      ;355   ;000051159;0401;0000000;
CCC;000001;       ;31/05/2021;568   ;      ;000014991;0401;0000000;
CCC;000001;       ;31/05/2021;      ;354   ;000014991;0401;0000000;
CCC;000001;       ;31/05/2021;567   ;      ;000237083;0401;0000000;
CCC;000001;       ;31/05/2021;      ;357   ;000237083;0401;0000000;
CCC;000001;       ;31/05/2021;569   ;      ;000064723;0401;0000000;
CCC;000001;       ;31/05/2021;      ;359   ;000064723;0401;0000000;
CCC;000001;       ;31/05/2021;568   ;      ;000018967;0401;0000000;
CCC;000001;       ;31/05/2021;      ;358   ;000018967;0401;0000000;
CCC;000001;       ;31/05/2021;567   ;      ;000033376;0401;0000000;
CCC;000001;       ;31/05/2021;      ;357   ;000033376;0401;0000000;
CCC;000001;       ;31/05/2021;569   ;      ;000009112;0401;0000000;
CCC;000001;       ;31/05/2021;      ;359   ;000009112;0401;0000000;
CCC;000001;       ;31/05/2021;568   ;      ;000002670;0401;0000000;
CCC;000001;       ;31/05/2021;      ;358   ;000002670;0401;0000000;
CCC;000001;       ;31/05/2021;353   ;      ;000340267;0401;0000000;
CCC;000001;       ;31/05/2021;      ;566   ;000340267;0401;0000000;
CCC;000001;       ;31/05/2021;355   ;      ;000092893;0401;0000000;
CCC;000001;       ;31/05/2021;      ;569   ;000092893;0401;0000000;
CCC;000001;       ;31/05/2021;354   ;      ;000027221;0401;0000000;
CCC;000001;       ;31/05/2021;      ;568   ;000027221;0401;0000000;
CCC;000001;       ;31/05/2021;357   ;      ;000085067;0401;0000000;
CCC;000001;       ;31/05/2021;      ;567   ;000085067;0401;0000000;
CCC;000001;       ;31/05/2021;359   ;      ;000023223;0401;0000000;
CCC;000001;       ;31/05/2021;      ;569   ;000023223;0401;0000000;
CCC;000001;       ;31/05/2021;358   ;      ;000006805;0401;0000000;
CCC;000001;       ;31/05/2021;      ;568   ;000006805;0401;0000000;
CCC;000001;       ;31/05/2021;357   ;      ;000000001;0401;0000000;
CCC;000001;       ;31/05/2021;      ;567   ;000000001;0401;0000000;
CCC;000001;       ;31/05/2021;575   ;      ;000114450;0401;0000000;
CCC;000001;       ;31/05/2021;      ;317   ;000114450;0401;0000000;
CCC;000001;       ;31/05/2021;317   ;      ;000012589;0401;0000000;
CCC;000001;       ;31/05/2021;      ;348   ;000012589;0401;0000000;
CCC;000001;       ;31/05/2021;553   ;      ;000022890;0401;0000000;
CCC;000001;       ;31/05/2021;      ;348   ;000022890;0401;0000000;
CCC;000001;       ;31/05/2021;544   ;      ;004094529;0401;0000000;
CCC;000001;       ;31/05/2021;      ;317   ;004094529;0401;0000000;
CCC;000001;       ;31/05/2021;544   ;      ;000396080;0401;0000000;
CCC;000001;       ;31/05/2021;      ;317   ;000396080;0401;0000000;
CCC;000001;       ;31/05/2021;544   ;      ;000078880;0401;0000000;
CCC;000001;       ;31/05/2021;      ;317   ;000078880;0401;0000000;
CCC;000001;       ;31/05/2021;45    ;      ;000174980;0401;0000000;
CCC;000001;       ;31/05/2021;      ;317   ;000174980;0401;0000000;
CCC;000001;       ;31/05/2021;566   ;      ;000193069;0401;0000000;
CCC;000001;       ;31/05/2021;      ;317   ;000193069;0401;0000000;
CCC;000001;       ;31/05/2021;566   ;      ;000001810;0401;0000000;
CCC;000001;       ;31/05/2021;      ;317   ;000001810;0401;0000000;
CCC;000001;       ;31/05/2021;22    ;      ;000009113;0401;0000000;
CCC;000001;       ;31/05/2021;      ;317   ;000009113;0401;0000000;
CCC;000001;       ;31/05/2021;566   ;      ;000003386;0401;0000000;
CCC;000001;       ;31/05/2021;      ;317   ;000003386;0401;0000000;
CCC;000001;       ;31/05/2021;566   ;      ;000005430;0401;0000000;
CCC;000001;       ;31/05/2021;      ;317   ;000005430;0401;0000000;
CCC;000001;       ;31/05/2021;566   ;      ;000575821;0401;0000000;
CCC;000001;       ;31/05/2021;      ;317   ;000575821;0401;0000000;
CCC;000001;       ;31/05/2021;544   ;      ;000030108;0401;0000000;
CCC;000001;       ;31/05/2021;      ;317   ;000030108;0401;0000000;
CCC;000001;       ;31/05/2021;317   ;      ;000174980;0401;0000000;
CCC;000001;       ;31/05/2021;      ;45    ;000174980;0401;0000000;
CCC;000001;       ;31/05/2021;317   ;      ;001505034;0401;0000000;
CCC;000001;       ;31/05/2021;      ;46    ;001505034;0401;0000000;
CCC;000001;       ;31/05/2021;317   ;      ;000042476;0401;0000000;
CCC;000001;       ;31/05/2021;      ;560   ;000042476;0401;0000000;
CCC;000001;       ;31/05/2021;317   ;      ;000095789;0401;0000000;
CCC;000001;       ;31/05/2021;      ;560   ;000095789;0401;0000000;
CCC;000001;       ;31/05/2021;317   ;      ;000006497;0401;0000000;
CCC;000001;       ;31/05/2021;      ;560   ;000006497;0401;0000000;
CCC;000001;       ;31/05/2021;317   ;      ;000001001;0401;0000000;
CCC;000001;       ;31/05/2021;      ;1036  ;000001001;0401;0000000;
CCC;000001;       ;31/05/2021;317   ;      ;000223964;0401;0000000;
CCC;000001;       ;31/05/2021;      ;336   ;000223964;0401;0000000;
CCC;000001;       ;31/05/2021;317   ;      ;000374826;0401;0000000;
CCC;000001;       ;31/05/2021;      ;348   ;000374826;0401;0000000;
CCC;000001;       ;31/05/2021;317   ;      ;000070520;0401;0000000;
CCC;000001;       ;31/05/2021;      ;348   ;000070520;0401;0000000;
CCC;000001;       ;31/05/2021;317   ;      ;000029917;0401;0000000;
CCC;000001;       ;31/05/2021;      ;556   ;000029917;0401;0000000;
CCC;000001;       ;31/05/2021;317   ;      ;000011700;0401;0000000;
CCC;000001;       ;31/05/2021;      ;346   ;000011700;0401;0000000;
CCC;000001;       ;31/05/2021;317   ;      ;000020962;0401;0000000;
CCC;000001;       ;31/05/2021;      ;49    ;000020962;0401;0000000;
CCC;000001;       ;31/05/2021;317   ;      ;000014782;0401;0000000;
CCC;000001;       ;31/05/2021;      ;336   ;000014782;0401;0000000;
CCC;000001;       ;31/05/2021;317   ;      ;000686974;0401;0000000;
CCC;000001;       ;31/05/2021;      ;50    ;000686974;0401;0000000;
CCC;000001;       ;31/05/2021;553   ;      ;001075822;0401;0000000;
CCC;000001;       ;31/05/2021;      ;348   ;001075822;0401;0000000;
CCC;000001;       ;31/05/2021;553   ;      ;000080688;0401;0000000;
CCC;000001;       ;31/05/2021;      ;348   ;000080688;0401;0000000;
CCC;000001;       ;31/05/2021;553   ;      ;000134479;0401;0000000;
CCC;000001;       ;31/05/2021;      ;348   ;000134479;0401;0000000;
CCC;000001;       ;31/05/2021;553   ;      ;000010759;0401;0000000;
CCC;000001;       ;31/05/2021;      ;348   ;000010759;0401;0000000;
CCC;000001;       ;31/05/2021;553   ;      ;000053791;0401;0000000;
CCC;000001;       ;31/05/2021;      ;348   ;000053791;0401;0000000;
CCC;000001;       ;31/05/2021;553   ;      ;000080688;0401;0000000;
CCC;000001;       ;31/05/2021;      ;348   ;000080688;0401;0000000;
CCC;000001;       ;31/05/2021;553   ;      ;000032275;0401;0000000;
CCC;000001;       ;31/05/2021;      ;348   ;000032275;0401;0000000;
CCC;000001;       ;31/05/2021;552   ;      ;000367969;0401;0000000;
CCC;000001;       ;31/05/2021;      ;347   ;000367969;0401;0000000;
CCC;000001;       ;31/05/2021;552   ;      ;000013998;0401;0000000;
CCC;000001;       ;31/05/2021;      ;347   ;000013998;0401;0000000;
CCC;000001;       ;31/05/2021;552   ;      ;000062362;0401;0000000;
CCC;000001;       ;31/05/2021;      ;347   ;000062362;0401;0000000;
CCC;000001;       ;31/05/2021;566   ;      ;000580298;0401;0000000;
CCC;000001;       ;31/05/2021;      ;353   ;000580298;0401;0000000;
CCC;000001;       ;31/05/2021;569   ;      ;000158422;0401;0000000;
CCC;000001;       ;31/05/2021;      ;355   ;000158422;0401;0000000;
CCC;000001;       ;31/05/2021;568   ;      ;000046425;0401;0000000;
CCC;000001;       ;31/05/2021;      ;354   ;000046425;0401;0000000;
CCC;000001;       ;31/05/2021;566   ;      ;000082850;0401;0000000;
CCC;000001;       ;31/05/2021;      ;353   ;000082850;0401;0000000;
CCC;000001;       ;31/05/2021;569   ;      ;000022618;0401;0000000;
CCC;000001;       ;31/05/2021;      ;355   ;000022618;0401;0000000;
CCC;000001;       ;31/05/2021;568   ;      ;000006629;0401;0000000;
CCC;000001;       ;31/05/2021;      ;354   ;000006629;0401;0000000;
CCC;000001;       ;31/05/2021;567   ;      ;000435564;0401;0000000;
CCC;000001;       ;31/05/2021;      ;357   ;000435564;0401;0000000;
CCC;000001;       ;31/05/2021;569   ;      ;000118909;0401;0000000;
CCC;000001;       ;31/05/2021;      ;359   ;000118909;0401;0000000;
CCC;000001;       ;31/05/2021;568   ;      ;000034844;0401;0000000;
CCC;000001;       ;31/05/2021;      ;358   ;000034844;0401;0000000;
CCC;000001;       ;31/05/2021;567   ;      ;000027248;0401;0000000;
CCC;000001;       ;31/05/2021;      ;357   ;000027248;0401;0000000;
CCC;000001;       ;31/05/2021;569   ;      ;000007439;0401;0000000;
CCC;000001;       ;31/05/2021;      ;359   ;000007439;0401;0000000;
CCC;000001;       ;31/05/2021;568   ;      ;000002181;0401;0000000;
CCC;000001;       ;31/05/2021;      ;358   ;000002181;0401;0000000;
CCC;000001;       ;31/05/2021;353   ;      ;000779516;0401;0000000;
CCC;000001;       ;31/05/2021;      ;566   ;000779516;0401;0000000;
CCC;000001;       ;31/05/2021;355   ;      ;000212808;0401;0000000;
CCC;000001;       ;31/05/2021;      ;569   ;000212808;0401;0000000;
CCC;000001;       ;31/05/2021;354   ;      ;000062362;0401;0000000;
CCC;000001;       ;31/05/2021;      ;568   ;000062362;0401;0000000;
CCC;000001;       ;31/05/2021;353   ;      ;000106030;0401;0000000;
CCC;000001;       ;31/05/2021;      ;566   ;000106030;0401;0000000;
CCC;000001;       ;31/05/2021;355   ;      ;000028946;0401;0000000;
CCC;000001;       ;31/05/2021;      ;569   ;000028946;0401;0000000;
CCC;000001;       ;31/05/2021;354   ;      ;000008485;0401;0000000;
CCC;000001;       ;31/05/2021;      ;568   ;000008485;0401;0000000;
CCC;000001;       ;31/05/2021;544   ;      ;005367847;0401;0000000;
CCC;000001;       ;31/05/2021;      ;317   ;005367847;0401;0000000;
CCC;000001;       ;31/05/2021;544   ;      ;000437600;0401;0000000;
CCC;000001;       ;31/05/2021;      ;317   ;000437600;0401;0000000;
CCC;000001;       ;31/05/2021;544   ;      ;000010268;0401;0000000;
CCC;000001;       ;31/05/2021;      ;317   ;000010268;0401;0000000;
CCC;000001;       ;31/05/2021;544   ;      ;000463857;0401;0000000;
CCC;000001;       ;31/05/2021;      ;317   ;000463857;0401;0000000;
CCC;000001;       ;31/05/2021;544   ;      ;000000029;0401;0000000;
CCC;000001;       ;31/05/2021;      ;317   ;000000029;0401;0000000;
CCC;000001;       ;31/05/2021;566   ;      ;000069321;0401;0000000;
CCC;000001;       ;31/05/2021;      ;317   ;000069321;0401;0000000;
CCC;000001;       ;31/05/2021;566   ;      ;000006442;0401;0000000;
CCC;000001;       ;31/05/2021;      ;317   ;000006442;0401;0000000;
CCC;000001;       ;31/05/2021;544   ;      ;001759000;0401;0000000;
CCC;000001;       ;31/05/2021;      ;317   ;001759000;0401;0000000;
CCC;000001;       ;31/05/2021;548   ;      ;000000106;0401;0000000;
CCC;000001;       ;31/05/2021;      ;317   ;000000106;0401;0000000;
CCC;000001;       ;31/05/2021;566   ;      ;000065500;0401;0000000;
CCC;000001;       ;31/05/2021;      ;317   ;000065500;0401;0000000;
CCC;000001;       ;31/05/2021;566   ;      ;000038482;0401;0000000;
CCC;000001;       ;31/05/2021;      ;317   ;000038482;0401;0000000;
CCC;000001;       ;31/05/2021;566   ;      ;000009663;0401;0000000;
CCC;000001;       ;31/05/2021;      ;317   ;000009663;0401;0000000;
CCC;000001;       ;31/05/2021;566   ;      ;000076964;0401;0000000;
CCC;000001;       ;31/05/2021;      ;317   ;000076964;0401;0000000;
CCC;000001;       ;31/05/2021;566   ;      ;000019325;0401;0000000;
CCC;000001;       ;31/05/2021;      ;317   ;000019325;0401;0000000;
CCC;000001;       ;31/05/2021;566   ;      ;000131000;0401;0000000;
CCC;000001;       ;31/05/2021;      ;317   ;000131000;0401;0000000;
CCC;000001;       ;31/05/2021;548   ;      ;000000008;0401;0000000;
CCC;000001;       ;31/05/2021;      ;317   ;000000008;0401;0000000;
CCC;000001;       ;31/05/2021;566   ;      ;000034661;0401;0000000;
CCC;000001;       ;31/05/2021;      ;317   ;000034661;0401;0000000;
CCC;000001;       ;31/05/2021;566   ;      ;000003221;0401;0000000;
CCC;000001;       ;31/05/2021;      ;317   ;000003221;0401;0000000;
CCC;000001;       ;31/05/2021;317   ;      ;001743304;0401;0000000;
CCC;000001;       ;31/05/2021;      ;46    ;001743304;0401;0000000;
CCC;000001;       ;31/05/2021;317   ;      ;000148093;0401;0000000;
CCC;000001;       ;31/05/2021;      ;560   ;000148093;0401;0000000;
CCC;000001;       ;31/05/2021;317   ;      ;000219153;0401;0000000;
CCC;000001;       ;31/05/2021;      ;560   ;000219153;0401;0000000;
CCC;000001;       ;31/05/2021;317   ;      ;000023076;0401;0000000;
CCC;000001;       ;31/05/2021;      ;560   ;000023076;0401;0000000;
CCC;000001;       ;31/05/2021;317   ;      ;000001386;0401;0000000;
CCC;000001;       ;31/05/2021;      ;1036  ;000001386;0401;0000000;
CCC;000001;       ;31/05/2021;317   ;      ;000346735;0401;0000000;
CCC;000001;       ;31/05/2021;      ;336   ;000346735;0401;0000000;
CCC;000001;       ;31/05/2021;317   ;      ;000765874;0401;0000000;
CCC;000001;       ;31/05/2021;      ;348   ;000765874;0401;0000000;
CCC;000001;       ;31/05/2021;317   ;      ;000025013;0401;0000000;
CCC;000001;       ;31/05/2021;      ;348   ;000025013;0401;0000000;
CCC;000001;       ;31/05/2021;317   ;      ;000043583;0401;0000000;
CCC;000001;       ;31/05/2021;      ;556   ;000043583;0401;0000000;
CCC;000001;       ;31/05/2021;317   ;      ;000016200;0401;0000000;
CCC;000001;       ;31/05/2021;      ;346   ;000016200;0401;0000000;
CCC;000001;       ;31/05/2021;317   ;      ;000004640;0401;0000000;
CCC;000001;       ;31/05/2021;      ;336   ;000004640;0401;0000000;
CCC;000001;       ;31/05/2021;317   ;      ;000386275;0401;0000000;
CCC;000001;       ;31/05/2021;      ;50    ;000386275;0401;0000000;
CCC;000001;       ;31/05/2021;553   ;      ;001668354;0401;0000000;
CCC;000001;       ;31/05/2021;      ;348   ;001668354;0401;0000000;
CCC;000001;       ;31/05/2021;553   ;      ;000125132;0401;0000000;
CCC;000001;       ;31/05/2021;      ;348   ;000125132;0401;0000000;
CCC;000001;       ;31/05/2021;553   ;      ;000208548;0401;0000000;
CCC;000001;       ;31/05/2021;      ;348   ;000208548;0401;0000000;
CCC;000001;       ;31/05/2021;553   ;      ;000016681;0401;0000000;
CCC;000001;       ;31/05/2021;      ;348   ;000016681;0401;0000000;
CCC;000001;       ;31/05/2021;553   ;      ;000083418;0401;0000000;
CCC;000001;       ;31/05/2021;      ;348   ;000083418;0401;0000000;
CCC;000001;       ;31/05/2021;553   ;      ;000125132;0401;0000000;
CCC;000001;       ;31/05/2021;      ;348   ;000125132;0401;0000000;
CCC;000001;       ;31/05/2021;553   ;      ;000050050;0401;0000000;
CCC;000001;       ;31/05/2021;      ;348   ;000050050;0401;0000000;
CCC;000001;       ;31/05/2021;552   ;      ;000643096;0401;0000000;
CCC;000001;       ;31/05/2021;      ;347   ;000643096;0401;0000000;
CCC;000001;       ;31/05/2021;552   ;      ;000024244;0401;0000000;
CCC;000001;       ;31/05/2021;      ;347   ;000024244;0401;0000000;
CCC;000001;       ;31/05/2021;566   ;      ;002109679;0401;0000000;
CCC;000001;       ;31/05/2021;      ;353   ;002109679;0401;0000000;
CCC;000001;       ;31/05/2021;569   ;      ;000575943;0401;0000000;
CCC;000001;       ;31/05/2021;      ;355   ;000575943;0401;0000000;
CCC;000001;       ;31/05/2021;568   ;      ;000168775;0401;0000000;
CCC;000001;       ;31/05/2021;      ;354   ;000168775;0401;0000000;
CCC;000001;       ;31/05/2021;566   ;      ;000065739;0401;0000000;
CCC;000001;       ;31/05/2021;      ;353   ;000065739;0401;0000000;
CCC;000001;       ;31/05/2021;569   ;      ;000017947;0401;0000000;
CCC;000001;       ;31/05/2021;      ;355   ;000017947;0401;0000000;
CCC;000001;       ;31/05/2021;568   ;      ;000005258;0401;0000000;
CCC;000001;       ;31/05/2021;      ;354   ;000005258;0401;0000000;
CCC;000001;       ;31/05/2021;567   ;      ;000696099;0401;0000000;
CCC;000001;       ;31/05/2021;      ;357   ;000696099;0401;0000000;
CCC;000001;       ;31/05/2021;569   ;      ;000190034;0401;0000000;
CCC;000001;       ;31/05/2021;      ;359   ;000190034;0401;0000000;
CCC;000001;       ;31/05/2021;568   ;      ;000055687;0401;0000000;
CCC;000001;       ;31/05/2021;      ;358   ;000055687;0401;0000000;
CCC;000001;       ;31/05/2021;567   ;      ;000006008;0401;0000000;
CCC;000001;       ;31/05/2021;      ;357   ;000006008;0401;0000000;
CCC;000001;       ;31/05/2021;569   ;      ;000001641;0401;0000000;
CCC;000001;       ;31/05/2021;      ;359   ;000001641;0401;0000000;
CCC;000001;       ;31/05/2021;568   ;      ;000000480;0401;0000000;
CCC;000001;       ;31/05/2021;      ;358   ;000000480;0401;0000000;
CCC;000001;       ;31/05/2021;353   ;      ;000454579;0401;0000000;
CCC;000001;       ;31/05/2021;      ;566   ;000454579;0401;0000000;
CCC;000001;       ;31/05/2021;355   ;      ;000124100;0401;0000000;
CCC;000001;       ;31/05/2021;      ;569   ;000124100;0401;0000000;
CCC;000001;       ;31/05/2021;354   ;      ;000036366;0401;0000000;
CCC;000001;       ;31/05/2021;      ;568   ;000036366;0401;0000000;
CCC;000001;       ;31/05/2021;353   ;      ;000583703;0401;0000000;
CCC;000001;       ;31/05/2021;      ;566   ;000583703;0401;0000000;
CCC;000001;       ;31/05/2021;355   ;      ;000159352;0401;0000000;
CCC;000001;       ;31/05/2021;      ;569   ;000159352;0401;0000000;
CCC;000001;       ;31/05/2021;354   ;      ;000046695;0401;0000000;
CCC;000001;       ;31/05/2021;      ;568   ;000046695;0401;0000000;
CCC;000001;       ;31/05/2021;357   ;      ;000010264;0401;0000000;
CCC;000001;       ;31/05/2021;      ;567   ;000010264;0401;0000000;
CCC;000001;       ;31/05/2021;359   ;      ;000002802;0401;0000000;
CCC;000001;       ;31/05/2021;      ;569   ;000002802;0401;0000000;
CCC;000001;       ;31/05/2021;358   ;      ;000000819;0401;0000000;
CCC;000001;       ;31/05/2021;      ;568   ;000000819;0401;0000000;
CCC;000001;       ;31/05/2021;544   ;      ;000510250;0401;0000000;
CCC;000001;       ;31/05/2021;      ;317   ;000510250;0401;0000000;
CCC;000001;       ;31/05/2021;544   ;      ;000204100;0401;0000000;
CCC;000001;       ;31/05/2021;      ;317   ;000204100;0401;0000000;
CCC;000001;       ;31/05/2021;317   ;      ;000232400;0401;0000000;
CCC;000001;       ;31/05/2021;      ;46    ;000232400;0401;0000000;
CCC;000001;       ;31/05/2021;317   ;      ;000016979;0401;0000000;
CCC;000001;       ;31/05/2021;      ;560   ;000016979;0401;0000000;
CCC;000001;       ;31/05/2021;317   ;      ;000000077;0401;0000000;
CCC;000001;       ;31/05/2021;      ;1036  ;000000077;0401;0000000;
CCC;000001;       ;31/05/2021;317   ;      ;000027906;0401;0000000;
CCC;000001;       ;31/05/2021;      ;336   ;000027906;0401;0000000;
CCC;000001;       ;31/05/2021;317   ;      ;000075197;0401;0000000;
CCC;000001;       ;31/05/2021;      ;348   ;000075197;0401;0000000;
CCC;000001;       ;31/05/2021;317   ;      ;000002500;0401;0000000;
CCC;000001;       ;31/05/2021;      ;556   ;000002500;0401;0000000;
CCC;000001;       ;31/05/2021;317   ;      ;000000900;0401;0000000;
CCC;000001;       ;31/05/2021;      ;346   ;000000900;0401;0000000;
CCC;000001;       ;31/05/2021;553   ;      ;000142870;0401;0000000;
CCC;000001;       ;31/05/2021;      ;348   ;000142870;0401;0000000;
CCC;000001;       ;31/05/2021;553   ;      ;000010715;0401;0000000;
CCC;000001;       ;31/05/2021;      ;348   ;000010715;0401;0000000;
CCC;000001;       ;31/05/2021;553   ;      ;000017859;0401;0000000;
CCC;000001;       ;31/05/2021;      ;348   ;000017859;0401;0000000;
CCC;000001;       ;31/05/2021;553   ;      ;000001429;0401;0000000;
CCC;000001;       ;31/05/2021;      ;348   ;000001429;0401;0000000;
CCC;000001;       ;31/05/2021;553   ;      ;000007144;0401;0000000;
CCC;000001;       ;31/05/2021;      ;348   ;000007144;0401;0000000;
CCC;000001;       ;31/05/2021;553   ;      ;000010715;0401;0000000;
CCC;000001;       ;31/05/2021;      ;348   ;000010715;0401;0000000;
CCC;000001;       ;31/05/2021;553   ;      ;000004286;0401;0000000;
CCC;000001;       ;31/05/2021;      ;348   ;000004286;0401;0000000;
CCC;000001;       ;31/05/2021;552   ;      ;000057148;0401;0000000;
CCC;000001;       ;31/05/2021;      ;347   ;000057148;0401;0000000;
CCC;000001;       ;31/05/2021;566   ;      ;000079372;0401;0000000;
CCC;000001;       ;31/05/2021;      ;353   ;000079372;0401;0000000;
CCC;000001;       ;31/05/2021;569   ;      ;000021669;0401;0000000;
CCC;000001;       ;31/05/2021;      ;355   ;000021669;0401;0000000;
CCC;000001;       ;31/05/2021;568   ;      ;000006350;0401;0000000;
CCC;000001;       ;31/05/2021;      ;354   ;000006350;0401;0000000;
CCC;000001;       ;31/05/2021;567   ;      ;000059529;0401;0000000;
CCC;000001;       ;31/05/2021;      ;357   ;000059529;0401;0000000;
CCC;000001;       ;31/05/2021;569   ;      ;000016251;0401;0000000;
CCC;000001;       ;31/05/2021;      ;359   ;000016251;0401;0000000;
CCC;000001;       ;31/05/2021;568   ;      ;000004762;0401;0000000;
CCC;000001;       ;31/05/2021;      ;358   ;000004762;0401;0000000;
CCC;000001;       ;31/05/2021;569   ;      ;000000001;0401;0000000;
CCC;000001;       ;31/05/2021;      ;359   ;000000001;0401;0000000;
CCC;000001;       ;31/05/2021;355   ;      ;000000001;0401;0000000;
CCC;000001;       ;31/05/2021;      ;569   ;000000001;0401;0000000;
CCC;000001;       ;31/05/2021;544   ;      ;001733000;0401;0000000;
CCC;000001;       ;31/05/2021;      ;317   ;001733000;0401;0000000;
CCC;000001;       ;31/05/2021;544   ;      ;000226000;0401;0000000;
CCC;000001;       ;31/05/2021;      ;317   ;000226000;0401;0000000;
CCC;000001;       ;31/05/2021;544   ;      ;000904000;0401;0000000;
CCC;000001;       ;31/05/2021;      ;317   ;000904000;0401;0000000;
CCC;000001;       ;31/05/2021;317   ;      ;000606550;0401;0000000;
CCC;000001;       ;31/05/2021;      ;46    ;000606550;0401;0000000;
CCC;000001;       ;31/05/2021;317   ;      ;000017855;0401;0000000;
CCC;000001;       ;31/05/2021;      ;560   ;000017855;0401;0000000;
CCC;000001;       ;31/05/2021;317   ;      ;000035710;0401;0000000;
CCC;000001;       ;31/05/2021;      ;560   ;000035710;0401;0000000;
CCC;000001;       ;31/05/2021;317   ;      ;000007260;0401;0000000;
CCC;000001;       ;31/05/2021;      ;560   ;000007260;0401;0000000;
CCC;000001;       ;31/05/2021;317   ;      ;000000462;0401;0000000;
CCC;000001;       ;31/05/2021;      ;1036  ;000000462;0401;0000000;
CCC;000001;       ;31/05/2021;317   ;      ;000066454;0401;0000000;
CCC;000001;       ;31/05/2021;      ;336   ;000066454;0401;0000000;
CCC;000001;       ;31/05/2021;317   ;      ;000311582;0401;0000000;
CCC;000001;       ;31/05/2021;      ;348   ;000311582;0401;0000000;
CCC;000001;       ;31/05/2021;317   ;      ;000015000;0401;0000000;
CCC;000001;       ;31/05/2021;      ;556   ;000015000;0401;0000000;
CCC;000001;       ;31/05/2021;317   ;      ;000005400;0401;0000000;
CCC;000001;       ;31/05/2021;      ;346   ;000005400;0401;0000000;
CCC;000001;       ;31/05/2021;553   ;      ;000572600;0401;0000000;
CCC;000001;       ;31/05/2021;      ;348   ;000572600;0401;0000000;
CCC;000001;       ;31/05/2021;553   ;      ;000042948;0401;0000000;
CCC;000001;       ;31/05/2021;      ;348   ;000042948;0401;0000000;
CCC;000001;       ;31/05/2021;553   ;      ;000071578;0401;0000000;
CCC;000001;       ;31/05/2021;      ;348   ;000071578;0401;0000000;
CCC;000001;       ;31/05/2021;553   ;      ;000005724;0401;0000000;
CCC;000001;       ;31/05/2021;      ;348   ;000005724;0401;0000000;
CCC;000001;       ;31/05/2021;553   ;      ;000028630;0401;0000000;
CCC;000001;       ;31/05/2021;      ;348   ;000028630;0401;0000000;
CCC;000001;       ;31/05/2021;553   ;      ;000042948;0401;0000000;
CCC;000001;       ;31/05/2021;      ;348   ;000042948;0401;0000000;
CCC;000001;       ;31/05/2021;553   ;      ;000017178;0401;0000000;
CCC;000001;       ;31/05/2021;      ;348   ;000017178;0401;0000000;
CCC;000001;       ;31/05/2021;552   ;      ;000229040;0401;0000000;
CCC;000001;       ;31/05/2021;      ;347   ;000229040;0401;0000000;
CCC;000001;       ;31/05/2021;566   ;      ;000871577;0401;0000000;
CCC;000001;       ;31/05/2021;      ;353   ;000871577;0401;0000000;
CCC;000001;       ;31/05/2021;569   ;      ;000237939;0401;0000000;
CCC;000001;       ;31/05/2021;      ;355   ;000237939;0401;0000000;
CCC;000001;       ;31/05/2021;568   ;      ;000069725;0401;0000000;
CCC;000001;       ;31/05/2021;      ;354   ;000069725;0401;0000000;
CCC;000001;       ;31/05/2021;566   ;      ;000044188;0401;0000000;
CCC;000001;       ;31/05/2021;      ;353   ;000044188;0401;0000000;
CCC;000001;       ;31/05/2021;569   ;      ;000012064;0401;0000000;
CCC;000001;       ;31/05/2021;      ;355   ;000012064;0401;0000000;
CCC;000001;       ;31/05/2021;568   ;      ;000003536;0401;0000000;
CCC;000001;       ;31/05/2021;      ;354   ;000003536;0401;0000000;
CCC;000001;       ;31/05/2021;567   ;      ;000251770;0401;0000000;
CCC;000001;       ;31/05/2021;      ;357   ;000251770;0401;0000000;
CCC;000001;       ;31/05/2021;569   ;      ;000068732;0401;0000000;
CCC;000001;       ;31/05/2021;      ;359   ;000068732;0401;0000000;
CCC;000001;       ;31/05/2021;568   ;      ;000020142;0401;0000000;
CCC;000001;       ;31/05/2021;      ;358   ;000020142;0401;0000000;
CCC;000001;       ;31/05/2021;567   ;      ;000001830;0401;0000000;
CCC;000001;       ;31/05/2021;      ;357   ;000001830;0401;0000000;
CCC;000001;       ;31/05/2021;569   ;      ;000000500;0401;0000000;
CCC;000001;       ;31/05/2021;      ;359   ;000000500;0401;0000000;
CCC;000001;       ;31/05/2021;568   ;      ;000000146;0401;0000000;
CCC;000001;       ;31/05/2021;      ;358   ;000000146;0401;0000000;
CCC;000001;       ;31/05/2021;353   ;      ;000211777;0401;0000000;
CCC;000001;       ;31/05/2021;      ;566   ;000211777;0401;0000000;
CCC;000001;       ;31/05/2021;355   ;      ;000057815;0401;0000000;
CCC;000001;       ;31/05/2021;      ;569   ;000057815;0401;0000000;
CCC;000001;       ;31/05/2021;354   ;      ;000016942;0401;0000000;
CCC;000001;       ;31/05/2021;      ;568   ;000016942;0401;0000000;
CCC;000001;       ;31/05/2021;357   ;      ;000015016;0401;0000000;
CCC;000001;       ;31/05/2021;      ;567   ;000015016;0401;0000000;
CCC;000001;       ;31/05/2021;359   ;      ;000004100;0401;0000000;
CCC;000001;       ;31/05/2021;      ;569   ;000004100;0401;0000000;
CCC;000001;       ;31/05/2021;358   ;      ;000001201;0401;0000000;
CCC;000001;       ;31/05/2021;      ;568   ;000001201;0401;0000000;
CCC;000001;       ;31/05/2021;544   ;      ;001214300;0401;0000000;
CCC;000001;       ;31/05/2021;      ;317   ;001214300;0401;0000000;
CCC;000001;       ;31/05/2021;544   ;      ;000285720;0401;0000000;
CCC;000001;       ;31/05/2021;      ;317   ;000285720;0401;0000000;
CCC;000001;       ;31/05/2021;317   ;      ;000407400;0401;0000000;
CCC;000001;       ;31/05/2021;      ;46    ;000407400;0401;0000000;
CCC;000001;       ;31/05/2021;317   ;      ;000039718;0401;0000000;
CCC;000001;       ;31/05/2021;      ;560   ;000039718;0401;0000000;
CCC;000001;       ;31/05/2021;317   ;      ;000000231;0401;0000000;
CCC;000001;       ;31/05/2021;      ;1036  ;000000231;0401;0000000;
CCC;000001;       ;31/05/2021;317   ;      ;000103480;0401;0000000;
CCC;000001;       ;31/05/2021;      ;336   ;000103480;0401;0000000;
CCC;000001;       ;31/05/2021;317   ;      ;000119286;0401;0000000;
CCC;000001;       ;31/05/2021;      ;348   ;000119286;0401;0000000;
CCC;000001;       ;31/05/2021;317   ;      ;000009000;0401;0000000;
CCC;000001;       ;31/05/2021;      ;556   ;000009000;0401;0000000;
CCC;000001;       ;31/05/2021;317   ;      ;000002700;0401;0000000;
CCC;000001;       ;31/05/2021;      ;346   ;000002700;0401;0000000;
CCC;000001;       ;31/05/2021;553   ;      ;000300004;0401;0000000;
CCC;000001;       ;31/05/2021;      ;348   ;000300004;0401;0000000;
CCC;000001;       ;31/05/2021;553   ;      ;000022500;0401;0000000;
CCC;000001;       ;31/05/2021;      ;348   ;000022500;0401;0000000;
CCC;000001;       ;31/05/2021;553   ;      ;000037501;0401;0000000;
CCC;000001;       ;31/05/2021;      ;348   ;000037501;0401;0000000;
CCC;000001;       ;31/05/2021;553   ;      ;000003000;0401;0000000;
CCC;000001;       ;31/05/2021;      ;348   ;000003000;0401;0000000;
CCC;000001;       ;31/05/2021;553   ;      ;000015000;0401;0000000;
CCC;000001;       ;31/05/2021;      ;348   ;000015000;0401;0000000;
CCC;000001;       ;31/05/2021;553   ;      ;000022500;0401;0000000;
CCC;000001;       ;31/05/2021;      ;348   ;000022500;0401;0000000;
CCC;000001;       ;31/05/2021;553   ;      ;000009000;0401;0000000;
CCC;000001;       ;31/05/2021;      ;348   ;000009000;0401;0000000;
CCC;000001;       ;31/05/2021;552   ;      ;000120002;0401;0000000;
CCC;000001;       ;31/05/2021;      ;347   ;000120002;0401;0000000;
CCC;000001;       ;31/05/2021;566   ;      ;000166668;0401;0000000;
CCC;000001;       ;31/05/2021;      ;353   ;000166668;0401;0000000;
CCC;000001;       ;31/05/2021;569   ;      ;000045501;0401;0000000;
CCC;000001;       ;31/05/2021;      ;355   ;000045501;0401;0000000;
CCC;000001;       ;31/05/2021;568   ;      ;000013334;0401;0000000;
CCC;000001;       ;31/05/2021;      ;354   ;000013334;0401;0000000;
CCC;000001;       ;31/05/2021;566   ;      ;000000001;0401;0000000;
CCC;000001;       ;31/05/2021;      ;353   ;000000001;0401;0000000;
CCC;000001;       ;31/05/2021;568   ;      ;000000001;0401;0000000;
CCC;000001;       ;31/05/2021;      ;354   ;000000001;0401;0000000;
CCC;000001;       ;31/05/2021;567   ;      ;000125002;0401;0000000;
CCC;000001;       ;31/05/2021;      ;357   ;000125002;0401;0000000;
CCC;000001;       ;31/05/2021;569   ;      ;000034125;0401;0000000;
CCC;000001;       ;31/05/2021;      ;359   ;000034125;0401;0000000;
CCC;000001;       ;31/05/2021;568   ;      ;000010000;0401;0000000;
CCC;000001;       ;31/05/2021;      ;358   ;000010000;0401;0000000;
CCC;000001;       ;31/05/2021;569   ;      ;000000001;0401;0000000;
CCC;000001;       ;31/05/2021;      ;359   ;000000001;0401;0000000;
CCC;000001;       ;31/05/2021;568   ;      ;000000001;0401;0000000;
CCC;000001;       ;31/05/2021;      ;358   ;000000001;0401;0000000;
CCC;000001;       ;31/05/2021;355   ;      ;000000001;0401;0000000;
CCC;000001;       ;31/05/2021;      ;569   ;000000001;0401;0000000;
CCC;000001;       ;31/05/2021;544   ;      ;000184800;0401;0000000;
CCC;000001;       ;31/05/2021;      ;317   ;000184800;0401;0000000;
CCC;000001;       ;31/05/2021;317   ;      ;000013860;0401;0000000;
CCC;000001;       ;31/05/2021;      ;348   ;000013860;0401;0000000;
CCC;000001;       ;31/05/2021;317   ;      ;000002700;0401;0000000;
CCC;000001;       ;31/05/2021;      ;346   ;000002700;0401;0000000;
CCC;000001;       ;31/05/2021;553   ;      ;000036960;0401;0000000;
CCC;000001;       ;31/05/2021;      ;348   ;000036960;0401;0000000;
CCC;000001;       ;31/05/2021;553   ;      ;000002772;0401;0000000;
CCC;000001;       ;31/05/2021;      ;348   ;000002772;0401;0000000;
CCC;000001;       ;31/05/2021;553   ;      ;000004620;0401;0000000;
CCC;000001;       ;31/05/2021;      ;348   ;000004620;0401;0000000;
CCC;000001;       ;31/05/2021;553   ;      ;000000369;0401;0000000;
CCC;000001;       ;31/05/2021;      ;348   ;000000369;0401;0000000;
CCC;000001;       ;31/05/2021;553   ;      ;000001848;0401;0000000;
CCC;000001;       ;31/05/2021;      ;348   ;000001848;0401;0000000;
CCC;000001;       ;31/05/2021;553   ;      ;000002772;0401;0000000;
CCC;000001;       ;31/05/2021;      ;348   ;000002772;0401;0000000;
CCC;000001;       ;31/05/2021;553   ;      ;000001110;0401;0000000;
CCC;000001;       ;31/05/2021;      ;348   ;000001110;0401;0000000;
CCC;000001;       ;31/05/2021;552   ;      ;000003696;0401;0000000;
CCC;000001;       ;31/05/2021;      ;347   ;000003696;0401;0000000;
CCC;000001;       ;31/05/2021;566   ;      ;000020532;0401;0000000;
CCC;000001;       ;31/05/2021;      ;353   ;000020532;0401;0000000;
CCC;000001;       ;31/05/2021;569   ;      ;000005607;0401;0000000;
CCC;000001;       ;31/05/2021;      ;355   ;000005607;0401;0000000;
CCC;000001;       ;31/05/2021;568   ;      ;000000411;0401;0000000;
CCC;000001;       ;31/05/2021;      ;354   ;000000411;0401;0000000;
CCC;000001;       ;31/05/2021;566   ;      ;000000001;0401;0000000;
CCC;000001;       ;31/05/2021;      ;353   ;000000001;0401;0000000;
CCC;000001;       ;31/05/2021;567   ;      ;000015399;0401;0000000;
CCC;000001;       ;31/05/2021;      ;357   ;000015399;0401;0000000;
CCC;000001;       ;31/05/2021;569   ;      ;000004203;0401;0000000;
CCC;000001;       ;31/05/2021;      ;359   ;000004203;0401;0000000;
CCC;000001;       ;31/05/2021;568   ;      ;000000309;0401;0000000;
CCC;000001;       ;31/05/2021;      ;358   ;000000309;0401;0000000;
CCC;000001;       ;31/05/2021;355   ;      ;000000001;0401;0000000;
CCC;000001;       ;31/05/2021;      ;569   ;000000001;0401;0000000;
CCC;000001;       ;31/05/2021;544   ;      ;000200000;0401;0000000;
CCC;000001;       ;31/05/2021;      ;317   ;000200000;0401;0000000;
CCC;000001;       ;31/05/2021;544   ;      ;000000012;0401;0000000;
CCC;000001;       ;31/05/2021;      ;317   ;000000012;0401;0000000;
CCC;000001;       ;31/05/2021;548   ;      ;000000046;0401;0000000;
CCC;000001;       ;31/05/2021;      ;317   ;000000046;0401;0000000;
CCC;000001;       ;31/05/2021;548   ;      ;000000003;0401;0000000;
CCC;000001;       ;31/05/2021;      ;317   ;000000003;0401;0000000;
CCC;000001;       ;31/05/2021;317   ;      ;000070000;0401;0000000;
CCC;000001;       ;31/05/2021;      ;46    ;000070000;0401;0000000;
CCC;000001;       ;31/05/2021;317   ;      ;000014973;0401;0000000;
CCC;000001;       ;31/05/2021;      ;560   ;000014973;0401;0000000;
CCC;000001;       ;31/05/2021;317   ;      ;000017600;0401;0000000;
CCC;000001;       ;31/05/2021;      ;560   ;000017600;0401;0000000;
CCC;000001;       ;31/05/2021;317   ;      ;000000077;0401;0000000;
CCC;000001;       ;31/05/2021;      ;1036  ;000000077;0401;0000000;
CCC;000001;       ;31/05/2021;317   ;      ;000016355;0401;0000000;
CCC;000001;       ;31/05/2021;      ;348   ;000016355;0401;0000000;
CCC;000001;       ;31/05/2021;317   ;      ;000002500;0401;0000000;
CCC;000001;       ;31/05/2021;      ;556   ;000002500;0401;0000000;
CCC;000001;       ;31/05/2021;317   ;      ;000000900;0401;0000000;
CCC;000001;       ;31/05/2021;      ;346   ;000000900;0401;0000000;
CCC;000001;       ;31/05/2021;553   ;      ;000040012;0401;0000000;
CCC;000001;       ;31/05/2021;      ;348   ;000040012;0401;0000000;
CCC;000001;       ;31/05/2021;553   ;      ;000003001;0401;0000000;
CCC;000001;       ;31/05/2021;      ;348   ;000003001;0401;0000000;
CCC;000001;       ;31/05/2021;553   ;      ;000005002;0401;0000000;
CCC;000001;       ;31/05/2021;      ;348   ;000005002;0401;0000000;
CCC;000001;       ;31/05/2021;553   ;      ;000000400;0401;0000000;
CCC;000001;       ;31/05/2021;      ;348   ;000000400;0401;0000000;
CCC;000001;       ;31/05/2021;553   ;      ;000002001;0401;0000000;
CCC;000001;       ;31/05/2021;      ;348   ;000002001;0401;0000000;
CCC;000001;       ;31/05/2021;553   ;      ;000003001;0401;0000000;
CCC;000001;       ;31/05/2021;      ;348   ;000003001;0401;0000000;
CCC;000001;       ;31/05/2021;553   ;      ;000001200;0401;0000000;
CCC;000001;       ;31/05/2021;      ;348   ;000001200;0401;0000000;
CCC;000001;       ;31/05/2021;552   ;      ;000016005;0401;0000000;
CCC;000001;       ;31/05/2021;      ;347   ;000016005;0401;0000000;
CCC;000001;       ;31/05/2021;566   ;      ;000022819;0401;0000000;
CCC;000001;       ;31/05/2021;      ;353   ;000022819;0401;0000000;
CCC;000001;       ;31/05/2021;569   ;      ;000006230;0401;0000000;
CCC;000001;       ;31/05/2021;      ;355   ;000006230;0401;0000000;
CCC;000001;       ;31/05/2021;568   ;      ;000001826;0401;0000000;
CCC;000001;       ;31/05/2021;      ;354   ;000001826;0401;0000000;
CCC;000001;       ;31/05/2021;567   ;      ;000017226;0401;0000000;
CCC;000001;       ;31/05/2021;      ;357   ;000017226;0401;0000000;
CCC;000001;       ;31/05/2021;569   ;      ;000004703;0401;0000000;
CCC;000001;       ;31/05/2021;      ;359   ;000004703;0401;0000000;
CCC;000001;       ;31/05/2021;568   ;      ;000001378;0401;0000000;
CCC;000001;       ;31/05/2021;      ;358   ;000001378;0401;0000000;
CCC;000001;       ;31/05/2021;353   ;      ;000000593;0401;0000000;
CCC;000001;       ;31/05/2021;      ;566   ;000000593;0401;0000000;
CCC;000001;       ;31/05/2021;355   ;      ;000000162;0401;0000000;
CCC;000001;       ;31/05/2021;      ;569   ;000000162;0401;0000000;
CCC;000001;       ;31/05/2021;354   ;      ;000000048;0401;0000000;
CCC;000001;       ;31/05/2021;      ;568   ;000000048;0401;0000000;
CCC;000001;       ;31/05/2021;357   ;      ;000000557;0401;0000000;
CCC;000001;       ;31/05/2021;      ;567   ;000000557;0401;0000000;
CCC;000001;       ;31/05/2021;359   ;      ;000000152;0401;0000000;
CCC;000001;       ;31/05/2021;      ;569   ;000000152;0401;0000000;
CCC;000001;       ;31/05/2021;358   ;      ;000000045;0401;0000000;
CCC;000001;       ;31/05/2021;      ;568   ;000000045;0401;0000000;
